01100111100100110111000110000000
01100110110001010111010100000000
01100111100100110111000110000000
01100110110001010111010100000000
01100111100100110111000110000000
00000000000001010111010100000000
00000000000001010111010100000000
00000000110000001111010100000000
01100110001001100111001010000000
00000000110000001111010100000000
01100110001001100111001010000000
00000000110000001111010100000000
01100110001001100111001010000000
00000000110000001111010100000000
01100110001001100111001010000000
00000000110000001111010100000000
01100110001001100111001010000000
01100110010100111111101100000000
01100110010100111111101110000000
01100111011110110111110000000000
00000000110000001111010100000000
01100110001001100111001010000000
01100110010100111111101100000000
00000000110000001111010100000000
01100110001001100111001010000000
01100110010100111111101100000000
00000000110000001111010100000000
01100110001001100111001010000000
01100110010100111111101100000000
00000000110000001111010100000000
01100110001001100111001010000000
01100110010100111111101100000000
00000000110000001111010100000000
01100110001001100111001010000000
01100110010100111111101100000000
00000000110000001111010100000000
01100110001001100111001010000000
01100110010100111111101100000000
01100110010100111111101110000000
01100111011110110111110000000000
00000000110000001111010100000000
01100110001001100111001010000000
01100110010100111111101100000000
01100110010100111111101110000000
01100111011110110111110000000000
